11.8546071748 14.0132551792 5
-4.26763017783 34.8120274027 0
38.0746759155 -15.2076510559 4
-16.4165984284 -21.8011387759 1
21.4285696864 -16.98776659 9
-9.28636234105 5.27124690173 2
-35.8321322222 -3.28255537912 1
3.25821786034 12.2241764386 3
-35.0419572202 -5.98747423519 1
4.89481191267 -16.8135886063 4
8.39389365232 18.8713209766 3
-9.63512326275 -15.0455458904 5
18.7962379421 20.9338766402 3
-27.7858877853 22.4161165005 6
-32.9593379245 -5.1356631782 1
7.32012084453 -35.627842558 7
-11.94230257 6.34856962484 2
-0.119277114886 -0.590230034516 8
-33.883919697 15.3757193669 6
7.24335360585 -26.7464337056 9
38.5438292292 -12.9507848818 4
-4.77302893332 38.2848958236 0
8.33173953946 -22.2529448301 9
-16.4316003264 -21.7323479401 1
-22.8852515453 11.2299971658 1
-5.59445378281 10.9926723158 2
23.8610983174 -21.9425373248 4
13.4746384087 23.7712851267 3
6.68685453531 -8.16754461655 2
2.2640902642 -29.6173292725 7
-4.69030669544 -34.9968033979 3
-3.00945052853 -1.25620370933 8
-31.9798559861 21.5565413627 6
5.20562776132 -27.2556555954 9
-2.79286935904 29.3862361203 0
-7.69411424861 -11.06326086 5
-30.9036458976 17.0573115203 6
-3.20036031669 30.1638170896 0
23.2591224326 -31.6675589443 7
-30.8877071135 22.5842824605 6
-29.0552771683 -9.97920255365 1
4.30581297861 3.50568036001 8
16.6147655899 -28.9622670538 7
10.906898391 -26.5354768959 9
21.3127293931 15.7070190831 3
15.5713201304 -19.7208473415 9
11.6756108354 3.04077777725 8
-2.95812563584 -11.1626735512 5
17.8285228111 13.980937966 9
7.02822073279 15.6262640348 3
9.15945620362 21.1647637172 3
-1.00514184667 40.1895336897 0
20.6446797011 -37.4545291075 7
-0.477058049721 -23.3824630406 4
29.399587156 -24.1525728589 9
2.87105498655 -2.45361943784 8
4.39439532971 41.3403940469 0
10.6851814974 -23.8059392784 9
31.7921803666 -13.0617750028 4
-19.7315245879 -20.2814307293 1
41.2577612087 -11.0153474389 4
-2.98796510332 -23.8004988175 4
-28.6681117642 16.2019821614 6
-2.28841928919 35.4965508749 0
23.7544709749 -4.33265160413 4
-6.57120482153 -15.1475644428 5
-25.9447001257 18.8298701809 6
-22.2291695654 -14.6770041499 1
4.13599680109 45.6279644083 0
1.72998813612 32.4425260837 0
-31.4300059 -1.14657021273 1
3.51856121152 -31.1833395712 7
-33.3380840709 -9.02904298825 1
-26.4967696278 20.2876398257 6
17.4042998706 15.3040699675 3
-2.71255056381 31.7285297172 0
-19.6259631863 -2.30830160043 2
-22.4238542903 -17.9992621702 1
-19.4579983479 -16.1371012617 1
3.39883973938 -30.2164646163 7
7.09671372848 30.996002026 9
-2.44265746399 31.6931608645 0
-10.7041823971 11.0245957192 2
-26.9095404171 21.5864925102 6
19.0716229252 -33.6478333786 7
2.28197901528 2.50239179218 8
23.3711620607 21.4966770967 3
8.9401778946 -20.39261693 9
3.24451718944 41.3532580966 0
6.72277864814 -13.9737610991 4
-28.8051762016 23.2247510672 6
6.44780321168 -37.4589735126 7
32.0568086284 -14.7044612497 4
-27.3316657487 20.3657033776 6
4.83375152865 -1.58237048435 8
-0.613385538388 30.9707889213 0
15.7449295808 -29.5218651321 7
3.04875797411 -0.129084884747 8
17.428622752 16.7607673104 3
-21.9897874123 -17.1791170745 1
-33.5495758872 1.01685749525 5
21.9917299505 -39.7857398544 7
-32.7411457349 -7.34064013921 1
12.4151375984 -35.5383445396 7
-36.1570994905 -4.60789885198 1
-20.5659358238 -17.602663092 1
-32.515614446 19.0320736445 6
2.91449918939 15.5241719347 3
4.22919921047 44.8169437184 0
-25.805370915 5.56219131968 2
29.5742346563 -9.91062859765 9
24.8080486138 9.09977251329 3
-30.1791653487 -9.16812784676 1
-19.5639207627 -19.3411945674 1
-2.5450502649 40.987940966 0
8.41861092654 -16.2273570397 4
22.8874734783 -15.9176114537 9
-15.6043262125 6.68301242437 2
2.74775062064 36.0202891194 0
-5.6874596967 36.2517816222 0
13.9718455282 -40.3231246645 2
1.38888050755 44.1700188598 0
-19.0345322729 3.79899001934 2
6.25557639475 -35.6432530765 7
-28.6744156889 -12.7609617106 1
4.38725494004 3.59924297599 8
-32.9678822043 18.298295498 6
3.30724604721 -16.7240768573 4
-28.7887826138 -7.64415421135 1
-26.3447904162 16.7098449821 6
16.172560047 15.9772314538 3
6.0974021363 -17.8330317492 4
-27.3321367076 -4.6930292294 5
15.0743100144 -25.6683777135 9
28.9270199367 1.23958889661 1
2.99641894401 15.0481402348 3
20.5984775492 17.2598769073 3
-16.5430746758 -13.6165301393 8
5.50270390564 26.4736618442 5
10.1837243479 -16.722010369 4
-4.76800339859 -28.0987263263 7
2.64330146192 -29.1377828091 7
16.1808509155 -17.8527527282 4
-14.1581968292 3.43419050456 2
17.2005575396 6.22331554138 8
-5.74055306369 -13.6514931251 5
0.527982835826 3.64347189973 8
-33.5815177889 20.8620575763 6
13.353655109 -17.9311198815 7
17.555641045 21.6455570712 3
18.2216511187 -24.4967425541 4
-29.4131364999 22.1697269397 6
-27.2898775001 -9.81889386403 1
9.74545885912 -25.4677294327 9
23.3714206931 -37.4076032729 9
-25.9937379445 20.0926544938 6
-6.58382611394 41.6721753891 0
2.17108688183 15.8263658529 3
40.8215235138 -16.2192971376 7
-12.2151289247 3.52405020766 2
17.2397538212 -2.42992632744 8
-5.30422732687 11.4234188797 2
23.3131724208 -17.3311915112 9
-3.07553744444 -23.5847312306 4
37.9369092515 -12.0580444725 4
-26.8565507838 20.0328849508 6
12.3814537465 -16.1591972027 4
9.77054943888 -20.3970842496 9
11.6481134243 -29.6019979115 7
-0.4749001441 31.3926187407 0
23.1663887012 -16.2446930573 9
-14.6491029241 6.39677121728 2
23.1676302019 -38.0996996417 9
-9.02084280433 -13.2771866359 5
-28.5641639399 -11.7295659516 1
-6.46007017953 -11.6174753584 5
22.0825644359 -20.600973484 9
-20.8815456147 -15.3240593599 1
-11.2984395888 24.5979473066 2
3.57030495322 10.7717818461 3
-25.7574048176 -4.24347963409 2
9.19077085468 -5.61818049011 3
12.2913386603 21.2772846319 5
14.8677534707 -20.4606199551 9
-35.086971911 -5.31044266223 1
7.62842421298 -38.11765257 7
-36.0494848047 26.9775695837 6
-17.0457236028 7.19003150585 2
13.8510441258 1.72836031651 8
-15.0928253703 4.93182246783 2
-20.1863450933 4.26711718859 2
-6.07677880676 -13.9837367838 5
-0.0393598180952 33.4875427296 0
6.03060528597 -37.8657389593 7
31.7762861018 -15.5838158756 4
7.79898753997 -24.3046340447 9
27.5161479931 -32.4851073399 7
-0.945477910181 -1.10820649012 8
20.4784540654 18.2820735008 3
-10.8395188124 3.47745786354 2
-35.0345804234 -4.16522788803 1
-15.2690898574 -21.3951680054 1
-0.530178201144 1.14952423628 8
3.13922340363 9.97550457911 3
-33.9947621872 20.9809018257 6
-18.3255470253 -20.4991105504 1
-0.248976480677 42.5400729933 0
9.11151781414 -5.63124803477 3
-24.8159024582 -10.2738496662 1
2.68270803408 43.3035084735 0
5.10652409465 35.8392774407 0
-26.4633214009 -12.3223208855 1
22.5954319694 -28.5220566402 7
-15.5098094691 13.0660483966 2
22.2959281556 -35.595021057 7
5.14479518402 16.6670548346 3
5.7319359823 33.6586867919 0
13.6423942881 -14.5879714232 4
-34.7275258689 24.9124322466 6
1.14987608874 23.3217110177 5
-12.0242466771 0.266125140654 2
-29.5580085469 25.5561362929 6
38.5952196943 -11.6347261713 4
9.86543791961 -36.2682622743 7
2.46161901195 6.87984141136 1
-0.382157591359 8.61423928893 8
25.8903607447 -16.0430632723 9
14.5488999968 -22.5628843517 9
28.2744408347 4.042045227 3
3.69801971677 42.41447395 0
8.86429363554 -32.9602400664 7
-24.7771796718 -12.7132760979 1
1.0087416914 28.1341706474 0
-13.6952492989 15.7959126946 2
3.5013628508 32.0085731667 0
3.97589300746 16.2856651397 3
-1.49634368417 -8.42149563883 5
30.6534956398 -18.8550966902 4
-31.343317575 24.8878325641 6
-7.38490712749 -6.89386901237 5
-23.9285003974 -8.00272379878 8
-31.28549701 29.3414853725 6
8.65833921147 23.7133610121 3
13.1235572087 -36.1927055958 7
16.8546337889 25.1517228635 5
2.02710802501 1.50870150796 8
3.9640218732 46.0435775259 0
14.2455198955 -23.1073515309 9
-36.0468091069 -2.93636138281 1
3.27465119306 43.4312617106 0
-4.46143018061 -34.7884993353 3
-24.0544599566 -11.0785923127 1
-21.513616336 2.60603085572 2
-12.3248073547 16.1358759073 2
8.33897370857 29.7901412202 3
3.11688602619 16.2520347208 3
-28.3506387813 8.96055103821 6
11.5949969298 -14.8105796342 4
13.6576309791 -29.7885269337 7
-8.53735251622 -6.81605451487 5
15.848194478 -4.6312771037 0
-27.8392720344 23.1162632703 6
-23.1476031153 11.5938364623 2
10.6281600918 -36.774407952 7
35.5855745875 -7.27934014905 9
3.12098112956 1.03061164481 8
16.6297846309 11.5827939548 5
15.9869714077 -22.8180988329 9
-3.58809794934 -33.1953499581 2
-24.122046433 -14.6961022288 1
-29.5270479959 -13.3654570946 1
12.7267789479 -15.6892722831 4
29.7338657435 -23.5787745872 4
-7.32470092414 -6.76175360304 5
-27.3769330837 12.3275128359 6
12.766607368 -13.5997729887 4
-28.1190527926 -11.8810505173 1
-12.5950578228 15.3334775894 2
-2.58414498349 21.7165437289 5
4.64208970533 11.926711488 3
16.4169643589 -20.1880143859 9
4.62917166724 16.0129684551 3
33.8121753656 -9.82028425384 9
2.04756602207 43.4675651766 0
19.0423233943 26.1411250841 5
15.5959987876 -23.5354394321 9
-28.2126440341 19.2584488372 6
-9.32209432871 -8.67304360917 5
19.108457979 -32.6859320692 7
12.9843243307 -15.1052028704 4
-25.5142388273 -14.0902918636 1
2.44385632119 17.0560737123 3
-31.0294526037 4.4597308366 4
-1.70220749796 38.3202596499 0
40.4864486964 -11.9290130362 4
-0.854730242605 2.64190402806 8
2.11903247229 38.6635068514 0
10.9122075413 -14.1877192548 4
19.2141863173 19.3291758695 3
-29.9393378671 25.9442981471 6
-17.5080326047 -9.2067147613 8
10.5345818975 -35.651650965 7
-25.4383298922 17.6334333508 6
-2.22609426016 36.4963650896 0
23.9179764123 -29.0375894741 9
7.98707459185 -33.4079175152 7
12.5610167798 32.8714960828 5
10.4412643723 -32.930743884 7
-11.8273384465 16.4900513708 2
-23.8604433928 -18.0430168398 1
-31.1609372371 -9.23734552784 1
-28.5519474797 24.1609482137 6
12.996094628 -0.155842750248 8
13.8454241798 -22.0399512488 9
32.9025020014 -18.9771530834 4
-19.3648214716 -18.0022944689 1
19.3269601053 26.1188602548 5
-12.9634884884 16.2614494383 2
-14.4405390647 3.19057566675 2
9.74603618409 -22.4286526727 9
0.943852641613 31.220230284 0
2.71193611232 16.436491694 3
29.7525649468 -12.6294178965 9
-31.004608936 28.0397644593 6
18.5772472022 -29.3680558953 7
-13.277985595 16.9852098588 2
-0.302552902733 34.8061448221 0
2.01034073649 16.8853488925 3
8.63765668864 9.45675754366 5
11.860204086 -14.2435243744 4
8.8526218674 21.3283658611 3
-29.4235433023 22.4746272485 6
16.6364365245 12.6325801964 5
10.6883231615 5.53153111839 8
27.8636237081 -14.3270768086 9
-8.41249835342 -7.68758156091 5
24.523506014 -21.2275908699 4
8.84591308465 -36.5587169355 7
28.7716691712 -19.2073371419 4
-13.4918879433 15.9964444404 2
25.3643792109 -25.0779356907 7
3.71673190267 15.7451980377 3
21.8782259761 -23.2805213325 4
-1.40965343136 2.19543565511 8
28.9671529832 -12.502316947 9
-19.1499516679 -17.8454104332 1
6.19101265386 12.1820771466 9
-12.5057256766 15.8844371643 2
6.59653422109 4.74705057579 8
11.8323438416 -37.9276267104 7
23.6357584306 -15.4864857067 9
-18.6366694363 -17.9074028117 1
7.43573594892 30.8378003314 8
9.79637668858 -31.8071261901 7
23.3220551151 -20.7880094527 4
-18.1040488461 -19.9285514636 1
17.0851483349 16.171878172 3
-19.3690160817 -16.4415923268 1
-35.2992376645 -4.55056903143 1
-0.96821545357 35.725925417 0
-20.2961169138 -0.209053409388 2
2.99261057896 12.6252809471 3
21.373661829 -18.8221249108 9
11.8562350803 -16.8463367629 4
19.4939662228 -16.8186230656 9
-13.3714527365 13.3101427605 2
-33.3572092144 -9.47704265649 1
-28.6216104409 24.6897853949 6
-0.78273118821 4.65242963467 8
27.5513051757 -21.0291672681 4
-0.892501689029 -19.3051539161 7
18.3944947729 -39.0797211655 7
30.3909214413 -16.2605203091 4
11.8363522703 -15.6786276224 4
27.1120367079 -10.10529643 9
-13.5951200275 16.7972899652 2
14.4363069967 11.0182642415 5
8.84996941728 -36.5926473678 7
-17.3642731 4.66301397469 2
11.387141381 -17.0095996616 4
36.6781529913 -16.1072912167 4
-14.7705059703 16.6679816506 2
-32.5193763956 -5.82779789579 1
12.5791798107 -20.5134373401 9
22.8058581938 -26.4552933594 7
-14.0764781076 16.6710948937 2
19.4661437625 27.2630460974 8
9.87987795181 -33.636895314 7
-31.9882787826 12.9948416514 6
11.4096024 -21.8237461045 9
14.2093078254 7.7547431121 2
-16.6542937601 17.8967846385 2
19.5192366443 20.4085657999 3
-0.610014039048 -1.56586576401 8
-34.5246790004 -2.28526802364 1
-27.3039055942 23.3735816121 6
8.8979036438 12.6769702377 5
-19.6773739593 -21.3825643416 1
-33.4654895935 -7.34297216783 1
-4.87282830029 36.3596623577 0
-20.7161684114 1.10120926691 2
-30.7476734111 15.9883682525 6
27.9379837905 -20.7576951376 4
-8.88676898104 -6.32675674266 5
18.3698026134 22.6305093543 8
4.2799076576 15.706040068 3
-35.1873416531 -3.10850395152 1
-8.38039628827 -6.44241489613 5
-29.2234507269 -11.2832990015 1
9.87082310529 -22.1804059034 9
-18.2999086781 2.22646182553 2
7.74764998218 -33.7838841739 7
18.2175651629 -22.9466134336 4
10.7614973775 -15.4414972817 4
-21.2491626617 13.5422923837 4
-0.770373848003 -4.36134795823 8
-19.8337848722 -14.9903237291 1
-9.12918818318 -11.804529086 5
-9.38076433517 -14.4923806028 8
10.7229871624 -22.5422403896 9
19.9802148481 -0.66935484759 5
-28.6302532426 22.1737664911 6
15.6104760531 -30.1659986418 7
9.81702560947 -22.9628050117 9
33.2397172959 -6.74129282771 9
-2.61449720491 15.4286619122 3
23.5566200129 -38.969776806 7
-4.18426553957 36.7773924933 0
28.6395078251 -10.9683816945 9
1.68692378837 43.234802843 0
-32.6774880823 16.9628219583 6
-30.1773847689 22.9122573738 6
-13.592637084 11.0279085357 2
3.47244996075 17.758190214 3
32.4424785909 -11.8731272099 9
0.972304450456 43.0757167744 0
25.5399578583 -25.5218159121 7
-8.65125438637 -8.3815459331 5
29.5983882755 -15.2341359579 4
-2.7034949222 -2.26977674386 8
3.96345484691 43.8054146439 0
13.8764096156 -23.6561513094 9
27.7658531519 -18.020890884 4
-19.7863242237 -21.9134121106 1
-37.4748664804 -3.51032837893 2
2.62926453892 1.12031535414 8
29.0605290892 -29.4808182837 7
-19.1445202496 -21.2161712124 1
-8.9985300213 15.8395776127 2
-28.0195511685 23.0189073949 6
-27.9817517153 -9.00944346686 1
-0.105030977432 31.0008423982 0
9.60379329391 26.6184359106 3
-7.34952808186 39.4058557833 0
-32.2809554167 -8.91252270556 1
-22.1463351537 -17.5628474146 1
4.91204051402 0.0720628974876 8
-11.8158754229 19.8344421542 2
1.31989689218 41.2998351302 0
23.4019144336 3.1630304404 3
26.9505263395 -11.8592588592 9
31.141196345 -21.4255353692 4
-3.00657341409 40.1221772325 0
-6.75834878095 -13.3919147401 5
4.7613579198 43.6763864067 0
-24.7347806384 22.3134317771 6
-25.6273864524 -16.149896523 1
9.64649899427 -39.032976502 7
42.3930430822 -15.6754408097 7
2.73474303981 -3.79761547186 8
-33.5393323307 0.362661616316 1
6.21110627819 -24.3233660586 9
-22.6503217952 -2.30106338775 2
-7.45546716813 38.3303066976 0
8.18557920933 10.756108218 5
-18.6198578718 -23.1766504355 1
-9.7205347391 3.34840720486 2
-11.8677156718 20.9108941192 2
18.936057849 -28.0044196627 7
14.1594329378 18.9974956976 3
10.900141804 7.3556416859 5
4.63132078606 -14.2591387967 4
19.9678020811 -20.0721223196 9
1.88991997717 -36.054303228 7
-33.2623916568 -7.49216754193 1
1.42684050797 -4.62571128744 8
20.7490427051 20.662959493 3
2.76306777953 -26.7927137609 9
-35.9400969358 30.5839439179 6
-8.14114572165 41.3717850731 0
10.560456193 22.6347573925 3
-15.6330454527 -26.2989354621 1
-17.6918371641 -16.5507803861 1
-9.84992888896 19.826727326 2
6.01110715998 41.8295431885 6
9.68567156864 25.4494230903 3
3.56484282555 23.3066726497 5
-0.0495166280992 -27.4984187256 7
-32.1939243336 15.5912916439 6
1.18148901094 3.96356133585 8
19.4528701765 -30.8166164579 3
1.16017734822 -26.4441020735 9
14.5669581528 11.3178132396 5
-2.65979292224 0.191969054689 8
11.4560713883 26.9961997294 5
9.92133752858 -37.1363142042 7
13.4664521857 -5.14445822773 6
-17.2104396649 -22.2177555606 1
-16.1992657974 -22.5853827781 1
2.51430862892 -6.86320515002 3
-25.1929322463 -17.0048572432 1
1.04386346025 -28.716256152 7
18.9455493537 12.0151443505 5
-6.6724182825 -12.7640246389 5
8.1691908663 19.8348487413 5
-11.1079961681 18.5030760509 2
24.7894835625 12.6421159371 5
-1.5724722018 6.66421587412 8
-3.84832616881 -34.2019835657 7
-8.38124860224 35.379948401 0
24.8474483201 -14.8283263879 9
6.23278374176 -38.6426658672 7
18.2522745511 -35.7598592327 7
-7.7840623814 -12.293052162 5
2.51076914898 40.6629629955 0
4.40344705063 -26.051279592 9
3.43114232967 42.9725723208 0
-9.74858775257 27.8279606811 0
-25.3923424418 10.1666059365 8
2.33398214877 -25.8668437903 9
-13.1679858114 5.88476865544 2
3.09304785183 -14.6424474525 4
17.7266440144 5.08650468641 8
-14.9363158683 -26.0653258444 1
-35.2935855745 27.7600155705 6
-15.5410383589 -25.0766836782 1
-32.0265319433 26.621509903 6
-7.60732004888 -9.60480479615 5
-24.6907888811 -16.8776333468 1
9.28310225231 0.83607509531 8
20.9973583879 1.89110515577 3
6.78439347295 -15.6850276707 4
-1.2806495044 30.3450065193 0
-4.24352049545 -8.91941422485 5
11.3131761367 26.2408498394 5
1.0466326406 3.01663720328 8
9.97211682021 19.4676191584 3
-25.0988186626 18.9519522404 6
-9.91098134473 11.317571251 2
0.653601660053 13.2812185382 3
24.5521062089 -15.110628558 9
-12.5691189792 20.9763925222 2
-27.8270520256 -6.43168247521 1
-18.8727819788 -22.6197118199 1
16.9304626453 26.5707199588 5
-11.6765195438 19.921202203 2
-29.2837123118 -6.61683051309 1
0.419522652034 14.2349003673 3
-26.4516848154 3.59508414946 2
-1.25081373973 1.17024186434 8
-9.01307896214 -24.4310493636 7
0.17133425666 14.4413880918 3
21.7142516959 -36.8777245849 7
-11.5248367825 20.119636835 2
29.3356702475 -18.7836995669 4
-25.1797527226 20.5644792093 6
23.0237166114 -18.0328599853 9
6.00791032528 -32.4409541876 7
-9.06424206278 7.65074274453 2
5.37936783132 -15.6211277468 4
-10.9385402324 5.74862630869 2
2.09592777827 0.695588025633 8
-31.3524979216 -8.77073156144 1
-16.8740606489 -21.3399469596 1
-24.93826254 -6.16996582859 3
-1.03014296763 -2.22180267164 8
25.5897484152 -28.1665095317 4
-7.86558251485 35.7796469193 0
-35.2707136666 16.5698348625 6
-3.19696949984 -12.801665425 5
23.6311283325 -16.6851532326 9
1.22210049886 15.3995343963 3
5.73719128608 33.8468336261 0
2.4682790715 -26.5595882153 9
-14.6616274877 8.70204420053 2
5.76397618332 -13.8656134558 4
8.75059274965 -29.8254284282 7
-16.369290347 -24.740304427 1
-22.1117975309 -11.8302456362 2
4.41588145978 -23.4908777291 9
19.7650488578 -22.6669542201 4
-10.1795656563 21.9246542365 2
-35.765419143 28.4634852754 6
-17.5450173202 -23.4061639874 1
15.4652439996 8.49247649296 8
3.46403137395 -26.6235852589 9
5.48019587436 42.3202330647 0
-22.6255396732 18.3668862072 6
-26.550281002 24.0378531376 6
5.51269365292 -32.4702408122 7
19.1312558106 -21.8939318132 9
2.35824322984 -24.717284639 9
13.0425760848 26.4147704956 8
-8.38709183423 31.3944327209 0
-28.6053633995 -14.076892189 1
1.71811209252 -15.0440817625 4
39.2287538992 -13.2342330567 4
-22.139436434 18.823159446 6
28.5124634857 -29.5905863602 7
-15.8575121393 -21.1925313296 1
33.1315036001 -9.49316626452 5
-13.7040270775 -22.7602793892 7
3.92453960731 37.5337649909 0
23.4872090308 5.00981294934 3
-9.76783441397 -11.0188197577 5
4.14848174313 -3.86185668276 8
29.4721032728 -13.9934573036 4
6.42992141935 -32.6891011841 7
-34.1233184863 -5.83888700041 1
-9.92279288889 19.985555613 2
15.9855203224 27.1933751739 5
7.49192817125 -22.6996305316 9
12.6229358353 32.3954291996 5
-22.5427572758 18.7985556534 6
14.9442986602 -32.6652192856 7
11.7417436578 11.0489293257 5
12.2513444623 -11.4389801753 9
3.05473377432 -9.54751009247 8
18.2906564879 5.74838852866 8
23.8418136263 5.76373248106 3
-33.6867356521 12.9568206951 6
0.957584271393 -25.0240254505 9
22.3624888191 -38.9212490453 7
-7.42532298039 32.2915011143 0
13.0387859232 -28.555564897 7
-7.15658656815 16.4349837362 5
14.4751906085 -30.5454149309 7
-17.175301529 -24.3041680152 1
-33.7998141005 -5.62986960365 1
-5.06240959789 34.9556131397 0
25.6878183601 -36.3620054548 7
2.05727206276 -26.3926806818 9
-12.5673724647 13.9549949849 2
5.05711751472 20.4681277555 3
-15.4601431006 -16.0026847024 7
23.7213066737 5.68894494611 3
-17.2275597474 -2.55303433928 2
2.48390214932 -14.9918356647 4
-26.8320801163 -14.9058468009 1
-23.7826456234 17.925890152 6
-21.2090073995 -5.60271683216 2
5.55137280199 -33.3514010866 7
11.6604568752 12.9101313571 5
-3.83365762077 -8.86199690741 5
17.5007372436 -33.4006945874 7
5.57077400265 -14.5070241733 4
-2.1576897379 30.1774101552 0
-10.7914369831 20.490308852 2
-30.6945603309 30.3468924451 6
2.51431661958 -6.8120176474 3
-33.9528932153 14.2500539014 6
-0.759023191774 -25.3195298879 4
1.41450044512 34.5519608903 0
4.05678816872 -13.8216581929 4
-3.57073729551 -33.0969504419 2
-18.7724780975 19.8557202882 6
-0.899953264309 28.8677694704 0
-11.1485334012 -11.5039363622 0
6.20452242904 35.176117488 0
-5.47238098429 35.2608616535 0
7.48387512246 41.5644298268 3
-16.3302777819 -19.2264169434 1
-27.5385299577 15.6613010402 6
-9.80114242256 16.5681394303 2
-22.7001763965 -2.49912578098 2
5.84449180085 20.2021345636 3
-27.5193970361 -10.8452587526 1
10.9921044649 -9.22371926902 4
-31.1483876009 -7.87743895097 1
3.18564879518 22.6764153605 5
9.66053230221 -14.5951410287 4
-25.1387447747 24.0915314294 6
32.6849407301 -10.8773857821 4
6.51565671032 -33.8364743726 7
-13.8858458996 10.3571730742 2
-0.606580657702 -0.597767063481 8
24.3932403802 -34.8317577738 7
17.3412981259 -15.5421551409 9
-22.2798511205 2.07261953515 2
-5.35791689702 34.5741706376 0
16.8483182643 24.6258182999 5
-16.2803184426 -18.7481391185 1
33.0099657631 -15.2781764835 4
-8.30450339399 4.00454803742 2
14.9360034648 5.20167556202 8
3.17317601264 17.3200702353 3
-14.1406405779 -1.97161997129 2
10.1175179336 -9.44190135529 4
-20.1907683129 -18.8932009263 1
4.07620560411 22.6140740049 5
9.71846190403 -14.7504355385 4
-25.0508806037 24.0080952338 6
2.37889634762 37.672599112 0
8.51329767738 -36.8018456635 7
31.5458375193 -3.38003073785 9
-1.92314001461 -1.50240428173 8
37.8194751845 -14.0541897388 4
12.5401145826 -22.465464831 9
15.7229740978 6.17993331097 8
-6.79358516981 36.8101722286 0
-31.8895888042 -7.13089775557 1
-16.0758888601 -22.1265180691 1
-7.26585526252 28.8015577146 0
-11.2732465445 17.4851549422 2
-19.9413660935 3.95194803048 2
1.77482489861 17.5080536867 3
-16.3331318364 11.125005847 2
9.47190658725 -12.3013804931 4
30.3802450072 -5.87770137039 4
12.6985654037 30.8381552696 5
-33.4356165529 -1.6355080918 8
-25.3528897279 22.1816149491 6
23.7654081832 10.8200508579 5
5.81233642767 -33.8693738559 7
21.5802343462 -35.6214288988 7
-1.11502793497 -0.794238279942 8
17.6354435294 5.4205025293 8
16.5122773559 -16.1611021213 9
10.3022796053 -28.8890557654 7
10.5172323916 -9.41689631359 4
18.5741487988 -29.3781646864 7
1.96575098672 17.9410081243 3
-17.5283251652 1.65574540602 2
-8.21331011812 37.8325273765 0
15.5798287718 2.35799665566 8
-24.3350358257 20.3238076134 6
17.9987754638 7.34179499411 8
-22.7709930629 19.7697400785 6
-35.9085696467 -5.07922634104 1
-23.4657114247 22.1793137334 6
15.2889652707 12.7232902545 8
17.244743806 -14.7958901849 9
21.7974887279 -5.69018386886 4
-6.83113925533 36.0520370022 0
21.7415894309 -22.1245749383 9
-8.32186148647 33.2640576011 0
-32.1503793506 -2.63775895331 4
-17.837496549 -22.5441193102 1
17.4100083681 14.3337026386 5
5.84317337095 -20.2412077594 4
24.6381501196 -30.5498241128 7
1.10475957384 22.4024149965 5
17.1328802239 21.4297849871 3
5.99071385575 -33.491154799 7
17.95374658 -22.0427187421 4
9.07163386643 -19.5085818366 9
10.7877428936 -0.208246398732 8
0.816393798907 23.6903232732 5
11.290260082 1.65922824913 8
-22.7554744769 22.2726648461 6
21.846682905 21.5482950307 3
3.08091767882 -0.526295247906 8
-35.538729702 26.0738347681 6
17.9905834734 -13.2066301397 9
35.4684829893 -9.92427007742 9
-20.6990995056 -18.4740257507 1
8.28315753238 2.86625851395 8
4.72012454549 19.337394951 3
8.33506898772 28.2684865896 5
1.08453371346 -1.94800855193 8
14.2511494809 -6.26837535106 6
1.50503794932 21.4806736196 5
15.8073701205 -10.8320350331 9
12.8164888708 -34.5604437285 7
-11.4231670114 14.5767937688 2
-10.9449608864 -6.53896428138 5
-0.369201969282 29.5346326269 0
3.10758880278 0.239044265127 8
26.0984814563 -25.4372064503 5
-18.6405332128 -20.8091790659 1
-33.1230076392 -4.12486329648 1
-6.94316608989 36.0142146345 0
19.7418732873 -14.3491669571 9
-18.1119184991 -20.6760368986 1
-2.94848863551 4.86837235961 8
-24.8740668995 18.1002897764 6
24.1751424433 -29.6060262871 7
-6.70461991913 37.6108213573 0
-5.73560694848 4.8927277758 9
4.01891625529 19.558145361 3
-1.26605197556 44.6437146603 0
1.74647649118 0.207695174747 8
25.3256387955 15.2566393129 8
16.8379982351 -14.1448069347 9
-25.719548291 15.7493364116 6
8.28507753769 -31.1503432179 7
2.40232505559 4.43735855704 8
8.41920260823 -14.3323173284 4
19.6374528137 -32.9696152131 7
2.14792004888 22.6370627578 5
21.1041171191 -15.918875412 9
-7.61533247785 2.35073334096 2
-31.1258815486 23.2415300054 6
7.58242040475 -31.4881574844 7
36.8724459239 -14.7718371038 4
2.72551721035 21.3914556011 5
22.9945865615 -15.0258411395 9
-8.57570236774 3.12349451128 2
-35.2350175424 -0.665281667837 3
-20.6943504132 -19.4420058799 1
-33.9463443903 23.9013966712 6
1.94372078307 18.6534492437 3
23.4621329641 -16.3307334982 9
-9.07489118952 4.68564567032 2
-16.9658943471 1.82450286168 2
3.83937586154 23.4506013601 5
-30.9121140479 19.0623765958 6
0.422068404621 1.17234264025 8
0.11007423341 35.5160953647 0
12.0869412633 -38.2052292317 7
27.1632131319 -31.1961350064 7
-15.3904226994 -24.0277830247 1
10.6828857031 -26.1531644829 9
2.48380141489 -0.753961680785 8
21.8215480868 -29.8218632354 7
-9.23309591827 31.6185148326 0
37.8949136884 -7.78308525053 9
10.0317732965 -21.1742312545 9
41.6687275934 -10.2595179468 4
-23.3745441073 19.1855547985 6
-18.2544276121 -0.402156060217 2
3.28421958777 1.04646238207 8
7.54468986997 18.3924881678 5
-20.7701185244 -18.7980113083 1
13.5612300083 -14.8520344867 4
-20.6861720012 -19.8741582797 1
16.7394852512 24.6647231158 5
2.70234283542 22.773067208 5
-28.7123367196 -10.5208447918 1
8.49400659455 -32.4386447059 7
11.6025550384 18.5244645575 3
-25.9479095246 21.9272216256 6
32.7472035347 -5.24689794736 4
1.68724637292 18.3225600341 3
-9.95558421466 25.1291328863 2
2.19032286939 21.6467556416 5
-33.9424326069 18.4271588744 6
10.2330359196 -11.5890563533 4
39.5468649341 -13.8437432221 4
-6.41216094658 31.6673983884 0
-27.1979024275 24.6052879576 4
10.5481899476 -10.2348983547 4
-30.6079804245 12.8254965023 6
7.18628320736 -33.2899010029 7
28.1282091816 -26.5210865002 2
10.1255856912 -10.0997805394 4
13.5695906244 14.539610362 3
0.427157369304 18.6317347676 3
6.55843330106 -2.69522406221 8
-6.89353023442 33.8199522522 0
-3.79987501826 34.1228918192 0
2.9478468785 19.1774567034 3
-22.130387828 1.81849036174 2
-9.178218101 2.06037344972 2
11.5015579427 -27.1305417412 9
0.557674781579 -1.06506902955 8
6.460648694 -7.40271393829 2
2.39220115711 18.3085658133 3
17.3497724133 -32.5418589751 7
-7.27377878158 30.6536674557 0
-36.9070556267 -2.85222320757 1
-19.4104454364 -21.0574684006 1
5.35418063047 42.6005043463 0
-10.926935085 13.1528459029 2
11.5296408201 22.7521605407 3
20.4633347537 22.7557335223 3
14.9384911556 5.186980064 8
33.1160806462 -18.2291830231 4
20.8819656851 2.3295748702 3
-8.48852421851 -15.2800741775 5
10.0080594608 -34.1399026599 7
-25.9650771671 20.6434179995 6
40.1509413389 -10.2762674075 4
19.2767481705 -39.3312679098 7
-22.379066057 -12.527421848 7
1.59825265586 -1.32067056127 8
13.7567509127 29.2384726401 5
15.8870491918 -11.6014267358 9
15.7307782057 -27.9555934214 7
-10.16578038 30.9317044689 0
13.1127558089 19.7914416144 3
-19.4701527091 -21.6058563174 1
-29.3599832545 1.85401881339 6
-10.1306624478 21.976039842 2
18.9329966119 -25.4829155386 4
14.3027880561 25.4788705322 3
6.14718911043 -12.3664222607 4
8.23824112093 -11.4855439699 4
18.5188882869 -29.3220095055 7
-9.12068791398 -10.8565489417 5
19.3008900583 -21.7878443292 9
-24.224246783 20.0918088897 6
-0.0752309509895 38.3456346831 9
-9.92553680765 29.9406299555 0
21.5398374101 -34.4219977914 7
-17.1843792921 -22.8210435882 1
33.1794994759 -12.13002032 4
-12.9335185125 19.6851779456 2
25.6310409433 -36.2439547593 7
10.7562421181 24.6994108032 3
-25.9017964001 29.8240441899 6
5.6621523047 -34.8478513423 7
11.9461700612 10.0869845483 5
-2.59793099875 -4.47224425801 8
32.8315514247 -15.6213989798 4
-8.3619377734 -13.2738053452 5
-19.6684602115 25.5080387314 5
-9.70526901669 18.0212069354 2
-7.42896315693 -26.5541543734 7
-18.7281177754 -20.8314595307 1
-26.1598623797 -9.99580638266 1
-7.68272659571 -14.0137060811 5
-32.1721731923 12.0657601512 6
2.76625613478 -1.18848932585 8
17.3290353095 28.5740548201 5
3.1999560889 -1.85423588092 8
36.7740219219 -11.4856284882 4
-6.1891601879 32.3476278663 0
12.6183825187 -36.891301499 7
14.1195621902 -10.637379262 9
16.5613366277 -13.3775217587 9
-9.91481145031 18.8115654163 2
30.2375796843 -10.1264444997 9
2.72568385405 -20.3265043735 7
13.6193166628 -39.9246837457 7
-10.2693641577 -14.2534112851 8
20.8413465453 -29.7243950183 7
5.67688541938 -13.8340418011 4
-17.1803838029 -2.50013990959 2
-22.4630687208 15.3744217315 6
25.8648548858 -11.1743376626 9
-20.2096061658 -23.0439090497 1
8.32219385865 -39.9595633877 7
-9.75080299458 27.7908169943 0
-29.7197539772 27.3006453172 6
10.8180424712 -16.2393862071 4
6.61413587531 1.18233969888 2
-8.18977942478 -14.7015227795 5
-7.50426456095 -26.4871804405 7
-6.36703409244 33.5525013641 0
13.8145983179 -31.2840839613 7
-17.5713237208 -23.7099312529 1
1.83256420365 30.5580185838 0
21.8595647262 6.05710062147 3
11.8670000432 -32.6421738684 7
-23.6219227391 16.602048839 6
5.10463488369 24.1158944929 5
-7.37787046695 29.7644389469 0
-29.8575498464 17.4819566305 6
-17.2468282797 -20.0560947426 1
21.6836557265 12.5596545453 5
-19.7803300648 -23.4253512683 1
18.1436800193 -35.1245400476 7
-0.954697016127 -0.353225043739 8
-3.78372488147 -8.32361172261 5
-8.64328087367 32.6826229029 0
-36.0316843176 27.7300364578 3
8.20426716791 -11.9067490973 4
20.4741566803 -25.2234275658 7
12.0397976309 -39.284244738 7
13.0392986893 27.066456228 5
2.42246609781 -30.7076246847 7
10.224252723 -1.16444576479 8
-23.8880885803 17.1183829214 6
19.1305045432 4.72927388991 9
9.87816639833 23.8553953511 3
9.96578732306 2.82721578619 8
-22.2137353944 16.2098464313 6
-36.3109789157 -5.18625575251 1
-7.89258468748 29.3346094293 0
19.7024214326 -21.0086996491 9
4.76850686297 -35.7977379138 7
-29.0241812776 -5.14828045963 1
22.0727829524 6.57066322565 3
4.92131717991 42.2335933463 0
-8.30114942219 -11.9094169104 5
-32.2083074539 30.1234880928 6
7.45069901531 -14.9241590741 4
29.6117621353 -18.0110140039 4
-10.9378991792 19.2067232728 2
36.8874083483 -10.7020319511 4
11.1349630431 -8.68824540114 4
9.40807143649 22.3009637494 3
-19.6598745715 -22.9148323853 1
20.4326285126 -37.3301265669 7
4.98790843262 -39.1830377849 7
-32.4458055261 14.7986322806 6
-9.40080164137 30.2985961595 0
7.44244076493 24.5301326077 3
-22.724787697 15.4921133782 6
2.07613399084 30.7933316821 0
4.86108614682 -36.7788792802 7
-34.7472219152 -8.11001798224 1
-17.6133125896 -25.2018848683 1
28.7856836489 -6.73663235675 4
8.70263034955 -18.5524459619 9
27.0313083166 -17.02961048 4
23.2438784305 4.21926984165 3
30.3432628271 -21.8713183151 4
-5.3737243587 -4.06100688081 8
-9.80687332618 14.394714263 2
-8.81927891084 20.8433232422 2
-25.7416492408 -12.4712567523 1
-3.0090381216 -5.73726995753 8
25.2985505539 -32.534094477 7
-10.1493533495 32.8960779209 0
9.27447971846 2.0084684767 8
-20.8741896296 -22.5081103282 1
3.86435600737 38.2030289577 0
13.2383066802 -26.3748015424 7
-29.867508326 14.7472570669 6
3.93628136372 21.3629319466 3
16.0833488495 -31.3813372382 7
2.20203290087 -20.5969011355 7
35.8494706022 -6.90063007939 5
-2.86949993422 1.71951561373 8
9.84409585589 3.35946645263 8
9.62525097625 -25.5913049215 9
3.33896341742 44.5785918276 0
-9.64644405408 33.1101167393 0
-17.3216562799 20.2356169171 4
-23.4077032121 -21.0729228079 1
9.85958353798 15.0609235705 5
-14.8167893048 18.0980181524 2
-13.9256903351 11.2951965008 2
12.2237601849 15.9022359305 3
3.38340904496 -25.6705118773 9
5.20873984219 -17.1368754153 4
27.5306621661 -13.3866319724 9
-9.94241810562 -5.59985416181 5
0.00240904661652 42.360855209 0
-23.9434092828 15.7324199579 6
20.9628534723 -30.2302568365 7
6.82100328126 -39.0740799252 7
-26.0227519985 -13.2355030687 1
6.87123815465 7.40386466165 8
7.17504726434 38.5560169015 0
-14.0685286767 -5.8457725759 2
-10.5689986029 9.42625497579 2
-10.6163383283 38.3784361021 0
24.4929847065 -8.53598744011 4
-18.2769095403 -22.1171434398 1
-32.2243765838 -6.75943480894 1
-5.9684699479 -2.2572789754 2
19.6933962111 -37.9926233905 7
-2.42606809308 16.2405480187 3
22.1649115482 -17.3582319515 9
1.63391681802 -29.0294478807 7
-18.7889563693 -3.53135109631 2
-1.63821201305 3.24345065935 8
-29.9151385241 -8.95059894106 1
9.16701393511 -23.0474803932 9
10.4084625596 9.76798146823 5
6.89586979147 -2.01594552948 8
18.4370161745 7.22423758231 8
-24.7953254528 -17.491901924 1
2.55714713531 -25.6718208605 9
6.433614965 6.24780503426 8
11.5888199154 17.4292184501 3
-16.1152682799 -24.9332065664 1
-29.7839590405 9.28297513584 6
-10.2614551986 -6.23249164805 5
19.2069711211 -34.7020307311 7
5.22880303768 -16.6375325328 4
-13.5988643465 -1.50350687109 2
20.3615746859 -4.25023793097 7
4.92982318095 34.1098008653 0
7.77924170337 25.896047358 3
-0.166253801216 43.3358502048 0
-22.9854869678 -14.2297951947 4
-25.7451942023 -18.8304404865 1
-23.2744786019 -16.7226325588 1
9.06649536162 -33.6999090612 7
14.1571739558 -9.86221099686 9
-28.1886874749 -8.12849870332 1
-19.2340836876 -22.898258973 1
15.5696083344 7.12954438913 8
0.682490077508 23.9549772732 5
10.4162314451 -27.6365959955 7
-9.31854380187 -10.1776611168 5
-5.14172402892 41.5081340324 0
-23.492633971 21.2194162788 6
-33.3343464946 20.9995435883 6
-7.19344034888 37.7748691651 0
23.425782193 -19.2977037796 4
-22.9765310503 -19.6343309108 1
-16.7603406877 12.3573766298 2
-7.49060756916 14.1431133809 3
25.680212383 -19.016504606 4
4.21839970388 -16.023591391 4
-31.7893020583 12.2236018143 6
2.70558540474 3.46947234278 8
-0.0964939669761 45.3006873161 0
11.6887422688 -19.5468042978 9
8.61159313568 13.3750281639 5
10.113374207 4.41353029821 8
-8.83400796265 -25.3106110153 7
-6.07995586528 35.1646430582 0
20.2611868201 24.0293440979 3
-9.39787832011 -3.86484074418 5
23.9645537018 -19.2190510164 4
-14.3790846182 -9.5317119556 5
24.5200624654 -16.0609509801 9
-23.5320757701 16.4959213204 6
18.7557230792 -38.2162384485 7
-18.5546241006 -23.6450800327 1
28.8086902017 -14.1353840103 9
-24.0281731282 14.4187199167 6
-28.3119171305 -13.2632367207 1
-3.10898211301 15.7964735571 3
-37.915667648 0.765329088173 8
-7.75592408564 -5.41866356914 3
17.0499413545 -19.3372769886 9
-16.9821799946 -25.6634519955 1
-12.4439618207 22.9500072645 2
5.23837655964 -37.7223904776 7
10.4459164124 -30.2156431184 7
20.1015398685 -4.10498998839 7
5.44440301665 36.8502862578 0
-15.2506786926 16.5671560861 2
16.6359717952 16.3130836607 3
-19.196343743 -24.172252827 1
-29.7182365012 -12.7346201271 1
5.0195618468 -16.966859763 4
-12.5247404826 7.93550652546 2
-9.70457168304 -7.6634491882 5
-28.1307779415 15.943274974 6
-5.60909021678 27.9052745505 0
15.7071978147 -26.3170912834 9
-22.1510342655 17.7165933318 6
-5.18867922713 -6.15389797122 2
18.6390437229 23.9902063381 8
22.5568221821 -14.2250589087 9
-17.9732303784 -3.64053048774 2
18.5945336784 15.831313257 3
5.28071337463 22.1779078866 3
-32.3529869987 17.7679348936 6
16.5000410324 -12.213055424 9
-23.1376365327 -10.7343616877 1
-29.7938625795 -1.90209787561 4
11.2777686157 17.8914715299 3
8.44212356854 15.2226303912 3
3.07397825514 36.947784505 0
3.18034946436 -30.1215002587 7
13.0341603805 -32.2080023331 7
-18.0189932685 -24.4916460517 1
18.3561486312 -31.9834573303 7
2.26240539818 -32.8687245205 7
21.7147727753 21.7729196919 3
-23.815684089 16.9536609486 6
41.1773975906 -12.7704083677 4
10.1654346332 -20.3650196052 9
10.8336999017 30.7438374793 5
4.42838093 -16.1830141463 4
34.5197367662 -13.8911369785 4
-12.3733644287 -9.35585532226 2
21.1825923713 -29.8906294673 7
8.8033607931 -21.446404237 9
0.937659774326 27.761785345 0
10.9707884844 -22.0139148783 9
17.7704197095 9.67903140053 8
5.1724432048 -16.3358461993 4
34.3083750781 -12.4788494832 4
9.13876451035 -24.2873959319 9
-24.7592672558 -11.233051318 1
-15.2078503611 15.3983207503 2
34.8726224119 -20.3348460445 4
17.7537329924 -11.782310729 9
9.08348925868 17.1570082111 3
-5.16765163814 32.3605542679 0
15.0159866973 -14.7484916342 4
-20.3227513778 -17.0566144555 1
-29.6300324548 13.5996644203 6
-18.3826900584 9.25438230496 2
-29.8765586222 18.598721717 6
-3.0436301068 13.2979570462 3
22.9699538694 -34.1001911587 7
31.503783867 -20.1066657307 4
-18.5704565379 5.26643019928 2
-29.7744685527 24.6192031057 6
14.219226529 -5.2091445952 6
16.029431177 -36.8621259484 7
-33.7881667098 -4.51100549482 1
7.99399667818 -0.364680491873 8
36.1998491619 -8.26912606978 9
-4.8689139406 30.5639827131 0
40.7060515825 -12.5294818031 4
-23.5665791679 -13.6945862256 1
31.9446743642 -11.7244480839 4
-18.5767060764 8.36354231154 2
-27.8988672375 -11.7138702942 1
7.18337259977 3.4779735132 3
-29.0560009575 18.741634838 6
14.8124633711 -13.3412639443 4
-33.4103808972 20.9302188071 6
7.76881461533 -34.3857240614 7
15.189621343 26.8572687831 5
7.86082846468 0.0964209610012 8
19.4758135025 -35.9099361583 7
-5.43747819864 33.3898371405 0
16.7761883701 18.1150393051 5
-17.5852039984 -17.3995671401 1
30.8133657225 -11.7574183529 4
-20.8114741095 8.29676970913 2
3.73298407393 1.60063264095 8
10.9847867769 -11.2833751781 4
20.5375077723 -34.7678503281 7
9.82998049888 -34.9665975555 7
10.5449224879 17.7161352036 3
-5.22807568555 25.1234754503 8
24.3644326214 -7.45920339593 4
18.4504337642 -10.2820870122 9
6.90455022861 22.1220970748 5
11.0326309196 -1.29016222045 8
-31.7961113643 25.1791510411 6
16.6069075294 -36.1603881614 7
17.3058682771 20.1733448296 3
18.3997251768 -25.634719999 4
-29.4602682665 12.6736131565 6
11.7169925191 -30.7813913873 7
-29.004306469 -8.79177231859 1
16.7057956298 -36.7605324098 7
24.9258602263 -9.96233461474 4
-2.53798781482 12.5153412625 3
-3.15667604156 19.5890895556 3
8.20030953143 -23.2181541604 9
16.5707199961 9.44569758371 8
7.29518064902 3.54312202841 8
-32.030348514 -8.09109611437 1
15.6659533463 -10.3682468826 8
-31.3817735249 11.1508001258 6
-4.38160726775 13.5807787707 3
-31.0094068536 -9.95749508774 1
-23.2615667278 -9.21215735401 1
17.9531004959 -11.3272844136 3
-4.96871046087 -10.9156688534 5
-17.7625386025 2.87518538429 2
10.8778175165 0.787735516732 8
24.7775296516 -3.43647393942 4
-19.9029839142 7.38937777389 2
13.50184436 -23.9400262781 9
16.5237738558 -35.2612558891 7
-29.6257343084 -8.11954266987 1
31.8603520102 -17.6653135275 4
15.7670888101 8.33064448651 8
-19.2137602934 7.78350688523 2
21.8553089352 -18.763360422 9
-31.3056768182 18.1293942024 6
34.2112234987 -17.463124021 4
-18.9497690203 -10.9710923563 1
29.4356855866 2.40060580101 3
20.7689749283 -9.71313513824 4
-15.9850259684 6.95014621435 2
4.36962088489 7.61448079127 5
-13.3496657539 9.43133400535 2
0.305679347886 -7.34479776615 5
-28.4308755663 28.3682723513 6
8.74484749723 -0.494328564341 8
-1.2114259464 29.1565662386 0
-27.8189416484 28.3274855756 6
-24.1556106281 -2.58615885771 2
18.8600005406 -8.99134966717 4
19.9320234 -13.2409856494 9
19.7619823094 -9.18901402346 4
5.23543713948 -22.3600940764 9
17.5898077576 -9.52527889931 4
12.3443085416 33.9203937728 5
-19.5168924627 -12.1495041249 1
-3.342705665 22.1907413443 5
10.2195622579 -1.10185395328 8
13.0561920622 -16.4945428227 4
15.8423759454 -34.707107328 7
15.214388318 6.10327395377 9
-7.42153898121 -13.1690328627 5
10.107721956 -26.1580784887 9
-5.80124926476 -11.3880065927 5
22.2267233292 -18.1514827383 9
-18.8187836743 -11.0126447644 1
19.8091409289 11.3954419311 5
-1.83012889793 10.7439792617 8
21.9732764394 20.2314060728 3
17.7707722517 -10.1340732295 9
11.8796190028 -22.6954409475 9
-19.5494905859 -10.7436710081 1
4.91645321763 5.30942322138 8
-1.58658894158 14.4035203051 3
11.0349194863 4.62806846933 8
-28.2178923559 23.7648099877 6
9.99545331605 9.26247540113 5
-8.47931021151 3.92653706199 2
12.3991804569 -31.0643093863 7
-4.89826618278 8.69172997337 2
0.142811078215 -31.0652451332 7
-25.8315713127 22.6220435844 6
-3.66766455329 30.8266024041 0
18.9041200756 -12.4770409991 9
20.8655049594 -38.8886682278 7
11.8369056715 -22.1513818006 9
33.8208603904 -13.134716052 4
-26.8789476159 18.3686688878 6
-2.18513396533 42.5189068936 0
-7.67214082617 -14.9710187919 5
7.85254327901 22.1297770848 3
-4.86044165936 -11.020424416 5
27.9706694781 -31.5901620632 7
-2.13235016553 11.6119143617 3
7.58779579958 -21.2974395858 9
-3.18434036583 11.5295399463 3
-33.1644426117 16.4415167631 6
9.88518201363 -2.12396129288 8
17.1274688218 16.4681155018 3
-21.9508488579 -15.896826532 1
22.4671823381 -33.7494884231 7
-24.9529973757 19.8532652828 6
5.43792764967 24.0708369996 5
-8.07132588623 -13.7395575948 5
21.3670744857 -29.0170358693 7
-24.5948754357 21.0176941053 6
22.6691175739 -9.85270965088 5
1.85143691944 -1.44479868592 8
-17.3098410062 -4.09858400559 2
-19.5394575639 -13.4550394711 1
11.6681824699 -35.948823782 7
17.7538953266 -10.4148192301 9
-21.5935595097 -1.71838142317 2
8.33409029373 -31.3140773125 7
21.4537763735 17.3719101266 3
-27.5801978185 16.4414799529 6
22.4561079525 -30.987357773 7
0.652827936619 0.41944268535 8
21.7784870018 12.0516639925 5
-15.8436956444 -11.5510640922 3
0.229541172947 -19.9541258884 7
16.7542383348 -37.4461073224 7
17.5610625024 4.03659916174 8
14.5715823707 -12.6885455808 4
-9.91979064778 34.4464771691 0
10.88730838 -30.8139182826 7
20.7770646715 2.76280853206 3
-4.49113293196 29.8346011597 0
-32.8519296388 13.204384658 6
-2.61703821998 13.5781434476 3
10.7029620329 21.6313629981 9
11.5048357298 -34.1587135143 7
-33.8325292279 -6.82621696508 1
11.946572239 -21.8215476504 9
15.9210545242 28.4243287855 5
-3.5243859257 19.0660876951 3
-25.2352628034 17.005524357 6
-5.69311628603 30.9339544908 0
22.5949201148 -11.8214335812 9
-20.5339874118 9.66074847865 2
15.6118716215 5.55555051649 8
-5.30011634493 40.3305302096 0
14.5832161413 19.9240825889 9
-18.0313872693 -12.3043705394 1
-31.5196842829 30.663388345 6
-3.56635680217 37.0986660543 0
-1.5058513952 40.7431981999 0
-19.5043884962 -12.8526545133 1
28.6990215486 -10.5670426093 9
-3.78162945524 35.9863009461 0
-0.27515381664 37.3769415589 0
15.1181341811 -12.9694867974 4
-26.12649566 3.46361485018 2
-17.6284137279 -10.7987716896 1
40.1393573972 -7.05105167182 7
-3.2858117322 25.815100149 0
18.0729273828 14.2462835738 3
14.7892914662 -13.4193871721 4
40.1371806703 -13.5363574594 4
10.7975733468 -34.8725843607 7
23.2286922308 10.0138546386 5
12.2661089046 -21.4444257085 9
1.30734502748 4.58883922233 8
-17.0357747097 9.50644145502 2
-1.0348930872 42.3152254042 0
-4.49446814974 25.4020733714 0
8.73989269285 3.6410959139 8
-27.3458924465 16.5073709046 6
-21.3999605991 -5.61678471728 2
-16.4189057786 10.7716676874 2
12.5378785857 -38.9648083886 7
-27.2090043827 19.2703033253 6
-31.4599200651 -6.37387774817 1
-17.6212116083 8.69670892773 2
22.2888740745 -17.2062993901 9
-18.4542011595 6.90726258692 2
-27.307347234 13.1011714392 6
20.7967230304 -11.2202725658 9
16.472536192 -34.9967059321 7
20.3483104174 -10.544478295 9
32.4545039927 -9.56199595328 5
-7.80866514363 35.2296121683 0
-25.8103444921 10.9574997813 8
-17.5763617949 -18.896788574 1
18.9047602695 12.033503216 5
-10.8153720653 18.2677987027 2
33.2282793579 -16.880976872 4
10.7139381776 23.3882743194 3
12.9547390862 -18.3754424677 9
-2.93592021046 -21.9180003113 4
19.2718368788 -17.6216568808 7
-6.75498336811 -8.94852111952 5
-32.426968161 32.680784786 6
-26.1917809197 14.5860243774 6
41.721854175 -16.8844193899 7
10.4432507651 -37.1333813909 7
-33.0451342728 23.1500955076 6
-1.74218169635 1.9821126047 8
16.3978398321 29.2770134408 5
5.93224523762 -26.8728555328 9
15.1365692136 -32.3270369401 7
-7.72870310404 -4.55437434067 0
-31.4630551508 30.3668972302 6
-15.99798578 -20.3157332153 1
22.07543617 -20.2834198508 9
-9.06667670613 18.5433494899 2
18.6628856277 19.5438895768 3
3.45198928952 12.669459435 3
0.114214872511 -10.8272362235 5
7.72726808587 -13.369966943 4
15.5685710911 19.8117008304 3
-9.57158089306 -12.6952209738 5
13.4058977441 4.33234987179 8
-24.7169537873 12.9417241268 6
14.1905644074 14.6102521585 3
10.1156809052 -39.1538802411 7
-13.0274039076 -0.712384423876 2
-1.06617653713 -3.43932267746 8
40.9223360838 -11.6026553353 4
6.58711554698 -27.3235002679 9
-2.74496670547 -10.1702175687 5
-8.13216680331 33.9995783979 0
-14.3889805539 8.67906877489 2
-21.3569071473 -15.7807018821 1
31.0841013099 -13.0551912131 4
-8.42216044673 17.8589215018 2
42.0814679755 -10.7204346643 4
9.18150889527 25.3343642957 3
-31.6958326323 -6.03680153717 1
5.59570694916 -34.209108716 7
-36.1207743165 -4.32757497951 1
-0.647007931766 -3.42231894842 8
6.72427088364 35.0635014243 0
1.82191696323 -26.4886602143 9
-29.696451514 20.8965011399 6
0.105582186595 -2.77901380498 8
-27.6366242694 -13.2996593149 1
3.51277658509 -25.3137478422 9
39.9875339331 -12.4841790704 4
-4.90115373054 -21.9962096379 4
29.2100065239 -12.1740353096 9
-23.2129926776 -20.1211828768 1
3.57088129768 4.70688002929 8
4.37009603435 -24.7693049379 9
-32.4365326435 30.842362172 6
-8.05927864524 -10.1964964092 5
12.0690769773 8.50443599001 5
-0.059170000987 16.7280088902 3
19.3222661907 17.6741521181 3
-6.70549160057 35.1562011584 0
-34.3790237562 -3.83852028925 1
-4.58910171759 -24.1491239822 4
18.1011230244 17.9742225103 3
-0.559461280666 -2.8378923172 8
6.71786666851 13.9199003092 3
-2.46405435597 -24.9900485453 4
-10.6651799749 15.2754840611 2
-7.58148375479 34.6715890621 0
15.1478864115 -40.576997964 7
-7.46776299979 -15.7231184321 5
12.4558551718 12.9763777916 5
-21.0268344933 -22.1629094915 1
9.47495752086 5.04459804487 8
-6.85480524771 -9.61280693697 5
10.1056150883 18.8119019141 3
6.54131053297 -14.8785533161 4
-33.0837153365 29.0041092647 6
-9.25986424374 36.2263270103 0
9.97997600314 11.0047654838 5
7.07534551209 -28.7728673388 7
-28.5281363627 0.00679581845121 2
-29.7973006213 21.6968698596 6
-33.6217782735 30.3777107812 6
-3.39339302557 35.4637512115 0
-24.6996291288 -14.4081262362 1
-16.4987369825 -19.3898873454 1
28.797017005 -7.67415989682 4
7.54026960154 -34.1610664124 7
15.254964977 -25.0897203424 9
-9.84076772209 35.3510095571 0
3.43774151031 38.7247662948 0
-25.1141793078 16.0154481192 6
-34.6514602159 29.9332484352 6
0.502076945748 -4.29639907791 8
-32.9219409696 13.1411483733 6
6.99528426796 -23.3903638419 9
29.8427324918 -14.7386217166 4
-7.65449797731 -8.72198922713 5
-14.675080237 -1.32796437234 2
-4.00370582806 -21.8498670074 4
-19.674894153 -9.78995619075 0
6.70115002912 -35.764513579 7
21.5297726356 -0.670203078889 5
-25.2749972723 13.6179415426 6
11.9198448929 12.6738234957 5
-6.56952071706 33.9564781346 0
37.4008899968 -9.26947954229 9
-1.84592355051 -0.911052079767 8
-36.2476147249 23.4002447527 6
-22.4616358431 -21.1904066442 1
42.3139848828 -14.7192700096 9
6.72306481294 -34.9770555511 7
12.8884079178 10.9063222035 5
7.11068163293 -34.7043045401 7
17.3491982488 27.8962129919 5
-18.0531967219 -23.0041133488 1
-30.2789313611 -6.91605043698 1
-0.398064117428 15.4623711778 3
0.366550028813 44.2075997222 0
-6.63797817982 -19.5685062837 2
1.5600736358 41.2515809027 0
0.90277309462 16.3238097836 3
17.3494967184 1.47055499937 8
-16.2974697583 -25.9665217317 1
-25.8446328132 28.3803810843 6
-3.95803370628 -21.9864847018 4
-34.6098761309 32.9750773138 6
-8.66227197915 18.2800113438 2
-32.2278854775 21.1972506674 6
-3.71787539753 -21.049070374 4
5.81020580347 -0.309861789902 8
4.06574300126 -1.26069380334 8
-35.5306186671 -5.56162042 1
-4.45685256727 -24.131890712 4
33.8443290063 -14.8827723864 4
6.87644265535 -29.2177633992 7
-34.3178944561 -5.09282359988 1
-8.09055452241 19.8813120931 2
-5.49033593233 11.7268902564 2
0.768180916808 17.397536344 3
27.5571795102 -6.83265982157 9
-30.3987336001 13.5427925435 6
-31.806662978 4.22623791859 4
8.63721751318 -24.9378907201 9
13.5043508033 12.4506462053 5
-28.2773363249 10.4184866223 6
-12.2515102749 12.307365504 2
-0.475781032022 18.981135298 3
27.9817616686 -13.1011194157 9
-7.97299351871 18.7401248279 2
-34.2161621724 26.6303493612 6
-8.90522448209 18.6817022573 2
19.9196341761 -31.9350261957 7
4.05141513707 -14.9390931993 4
14.3816805073 18.2033060959 3
-25.6268104257 17.3141943617 6
25.1893553328 -10.2939430117 4
3.78067015573 -24.961715134 9
11.3404818375 -30.7714500048 7
-9.04814306407 34.8538247767 0
-24.155256265 -2.5367883334 2
-6.06058632849 -19.7709426438 2
19.8166702348 -11.8977463789 9
-7.33667826343 -10.5548771323 5
31.7485440954 -10.7599261236 4
-5.83245541852 -8.50266537844 5
4.16332229545 33.4517693221 0
-18.3776191546 -18.6810110099 1
31.0740636796 -8.68770477159 4
15.2061841063 20.3898900809 3
-36.8062358281 25.2986578541 6
11.0295480137 23.8119979635 3
-13.1383143494 14.9475086822 2
7.19120204349 -26.7889394366 9
18.9270676091 -27.0907301333 7
-9.5106507461 -7.75835184101 5
19.551759353 16.3258143129 3
3.87919594613 -35.2858510665 7
0.65585445112 44.8674858375 0
5.97754959194 -22.7426787215 9
10.2964249692 14.2992482391 5
-1.78533433549 -3.0712321501 8
8.85297959287 17.3566576026 3
-8.01960248438 18.2897874681 2
3.34790846074 44.0449762387 0
-15.0247743392 -22.3608383773 1
0.208019358671 5.83620051931 8
1.69434352938 15.7651801791 3
15.6322634182 14.0603392854 0
-17.0222663263 -23.3174447788 1
-16.0763116037 -0.732856094416 2
3.60222820291 16.7474682986 3
30.0754430589 -11.5705045372 4
-2.31606871726 33.9178562831 0
1.06974073273 35.2735230233 0
-27.279788469 -11.999176821 1
30.0087945648 -30.3581193435 7
-19.1495292467 0.56026683298 2
4.16858296638 -25.4806674151 9
7.21572986302 23.2559579426 3
14.3631412431 -24.5479164557 9
29.2559400907 -17.3457501863 4
-9.38100191763 -23.471354302 2
-1.50292652158 -9.13258439639 5
17.2142806719 1.84208711661 8
-31.2534024585 14.702712086 6
20.3672552503 -7.86046640393 7
14.2371431497 -36.4010519883 7
35.5996470002 -8.77767672178 9
1.06854916143 -0.68110321108 8
34.1063426882 -8.58463172855 9
16.6893011165 -23.0259017117 9
-13.9936291691 14.4705597279 2
-6.71859031117 39.4773828257 0
1.04287668974 39.5965532437 0
-22.4318783821 -16.6464402819 1
30.8607557957 -13.6607170999 4
-17.7316356288 3.53169110744 2
32.8129018849 -16.2860267087 4
10.2493679711 21.4377175321 3
29.8239542225 -12.0206797791 9
29.5822692333 -17.6322886266 4
11.4126082349 14.9585195026 3
-3.90138203062 -13.9857131372 5
17.8426131179 -34.2102593674 7
-29.8316301348 20.3576688605 6
-0.623526656586 -11.7528828829 5
13.6667227298 -35.1532991336 7
-31.4642132886 -7.20973292193 1
3.93489631258 -2.10600753432 8
-21.6550405148 21.0969001924 6
14.235975372 -21.1178571297 9
20.2579974642 15.8426461696 3
-2.07124009093 42.3356500909 0
36.4951136086 -13.2554427612 4
-23.8963746455 -17.1975583402 1
-9.77854969616 -0.564277713876 2
-17.5942737556 3.40305257737 2
19.8087877517 11.3401951836 5
-1.07527904141 20.7125671291 3
26.8440221197 -36.7328046619 7
29.0572894778 -19.0801941713 4
-33.9670226072 -7.71838593977 1
18.4891698784 -38.2695788928 7
-0.699146239121 -19.429965696 7
3.45725040883 2.67226063562 8
-26.6850587806 -13.525026565 1
13.3432645637 -22.0572946215 9
-11.2541729454 -0.144497135201 2
-1.35445720483 20.7008979454 3
-3.92949576025 -17.812486614 2
26.1222686325 -22.0390719068 4
-3.25271978264 39.9976836451 0
-24.3909234879 -18.1893394766 1
15.840094149 3.44135055567 8
12.1394860172 -16.6874393028 4
6.42736268679 13.868798585 3
-30.2769892936 20.3189854699 6
8.1991123292 28.5011030101 5
-30.8819647835 14.3693206904 6
38.4319697744 -13.2532252307 4
14.5657757848 -35.9299567783 7
3.0150777723 34.7609455372 9
13.5371013712 17.9738425255 3
-37.4642043154 -2.46244993712 1
6.41437457818 17.903682206 3
-5.87147253155 38.1507834053 0
-14.630426712 13.6420823347 2
-23.2051841504 -15.6428524031 1
-22.6386579995 -15.6189540844 1
0.455154683586 38.6701656138 0
18.5726935836 -13.9187603028 9
26.3082872287 -11.623469261 9
32.6385174417 -20.829165353 4
-31.0628329725 12.2586648016 6
13.6035000051 -35.4542628405 7
-35.9441919272 32.3090715934 6
5.73293292678 18.7320952302 3
0.285952443896 -9.94791018496 5
-2.43140606651 -9.04403153386 5
31.7732414618 -13.9062018885 4
29.8017504517 -20.446950822 4
-35.3458724769 22.1260263404 6
20.2299233657 -14.3756220177 9
-35.4100490167 -3.79014129344 1
-26.044794527 -15.0367499283 1
16.3506938177 21.5315247027 3
-26.7946764526 -14.3250864597 1
-31.8974393504 -8.31578026635 1
-0.343790708106 38.6093776803 0
12.4354127469 -1.67069943457 5
-23.4092815315 -15.9349111433 1
-29.5437474202 -3.12555890119 4
25.650926299 -21.7553376324 4
-32.5557209052 22.7774305388 6
-29.5945195181 19.4913492875 6
-33.5212006859 24.4734020694 6
-0.92623952154 37.3132559134 0
-33.89158304 -4.23129238033 1
-19.3348960024 2.08779488673 2
-2.65097669439 32.9198583293 0
4.7047794707 -1.67757616905 8
-25.5578955177 -3.95722509175 2
-15.0466653507 14.0151253319 2
-34.0803118297 -8.20577501663 1
-24.6536509295 -16.2062646344 1
9.37793286651 17.4259679324 3
19.9455410083 -38.5406303613 7
25.3177362882 -14.4297262394 9
24.3861985684 -0.189459831243 5
4.06971161886 13.9814692291 3
-0.324771736194 41.8086976993 0
-13.4356365996 19.640524612 2
1.75954691024 43.0703601655 0
-30.7256274075 23.0902950093 6
-17.6254717066 1.22702512461 2
10.8186241777 -24.6555709051 9
1.03869454629 42.4019432596 0
17.1991932682 -31.6564906523 7
-29.7312451887 20.4142002976 6
27.8086212173 -14.6277550792 9
21.2634977711 -17.6694773867 9
-25.0333419534 -13.5849235593 1
-15.2814494587 -0.0566849646639 2
21.3557216672 -19.9113245398 9
8.17656388608 20.4515187408 3
26.9249811031 -19.2769398314 4
14.6905161146 -35.4663794217 7
26.5395168067 -8.39300634367 9
-27.7034705585 13.2568893542 6
5.08159758804 38.5979898573 0
22.1325982592 -15.7328092447 9
27.5268485214 -6.41595434784 4
2.15863277513 -1.97423147403 8
17.6444602763 -33.7570352336 7
13.7142225322 -35.8715496493 7
26.5931780818 -12.9110838596 9
1.49177927277 -0.35181160514 8
-28.5635079543 9.1828569798 6
20.799970985 -14.7579085647 9
17.232610536 17.8559804695 5
-13.2397154585 -0.59123430059 2
-10.7695089287 4.86997310797 2
-13.7102582216 -1.15727657557 2
17.636903064 20.3873486186 3
21.0103800804 -13.8657156376 9
-3.46901134493 -1.40202411531 8
2.77301582676 -4.7376181134 8
14.8483423108 8.12807486108 8
-27.6158935448 17.468754003 6
26.1060622961 -19.1200209771 4
11.0103910166 -16.2511442298 4
35.0208762731 -16.1010735278 4
14.329620096 -18.811528141 4
-9.33338922884 10.5198810506 2
11.3278396542 -16.3410248156 4
-30.2265009786 28.8348846558 6
-0.193850300128 44.016922166 0
16.5014597304 -31.8272748013 7
0.0333215975217 43.7356667701 0
22.9659158978 -26.4542286793 7
1.08297046132 1.76351503775 8
-7.9353867335 10.7677906218 2
-4.37975979429 41.1274557176 0
-3.38643570248 -3.25079511856 8
4.19804510645 0.275530329855 8
14.9566904268 30.5780420682 3
-29.8353996338 15.4024166428 6
8.54998592649 2.80130637795 8
-28.7179833177 21.8020694354 6
-33.8888098353 31.7898911479 6
2.72819547623 1.93833868681 8
7.8825486558 9.23303073144 6
-4.97878677706 -13.0748296644 5
-36.0054138066 -6.21849553557 1
-24.4262705402 -15.2869946281 1
12.4680475517 2.53659647389 8
13.4025258924 -36.7709229655 7
24.6070148734 14.4536162166 8
4.23108470007 17.0406797056 3
-36.2191899426 22.3800308023 6
4.41568275771 -2.56188633869 8
26.6363217914 -11.7496367719 9
-2.75705227168 -13.4658702759 5
3.45483384855 31.1874690089 0
-6.65412770401 41.4145965606 0
2.02278297576 44.6183159236 0
4.28297698991 18.0911896917 3
-10.7808600397 7.68687085455 2
-28.4372426112 13.228218171 6
-34.1725238391 25.9928172423 6
12.1671527333 -37.2370860369 7
4.17886340266 -5.23266566495 8
5.0627017537 17.7306244072 3
0.661707377475 -12.3093362041 5
-24.9843462017 -15.4345384547 1
24.7891125673 -19.5032186885 4
16.1078996689 21.6576508094 3
-4.63872881685 -14.0398199658 5
14.6685131666 -20.1668826167 9
-31.6266583945 4.50348416743 4
-3.73982759599 -9.77882293851 5
-19.5150383294 14.7323160307 4
-20.8678572542 -23.1184622412 1
-30.78132608 -8.09415236762 1
-1.63840990705 -12.4537792327 5
10.2738180337 -17.5746027952 4
-6.69231910656 40.0707375005 0
28.5557396178 -9.44032793882 9
9.40428584914 -29.7169685352 7
-32.3994873787 -5.79639699493 1
-14.7209746878 0.358016385817 2
16.3121541274 11.1741494753 5
18.9078275675 -38.5507482033 7
34.2108975117 -7.02769261597 9
31.5662879558 -21.4070064649 4
-3.09889456116 39.067914002 0
3.87455835019 14.5548812871 3
-31.1880553373 23.5297382609 6
-23.1300073442 -17.9844589764 1
14.4239860774 -28.6700766228 7
11.8113946058 -37.4441196135 7
10.8685023879 7.42879332114 5
-28.5353669935 11.8337093537 6
14.8074029719 15.0042058937 3
-1.02502212324 36.8395535225 0
-34.5082890638 -4.39581096575 1
-23.7533152787 -9.39375296181 1
38.0613780992 -14.1022276151 4
-20.5909121908 7.69657331478 2
33.6543608319 -11.2585844355 4
12.9445641589 24.2313451244 3
-26.9157668916 25.696589616 6
34.0570294476 -20.3408705243 4
-9.54099348858 -25.0300664865 7
9.68004546207 11.1530721508 5
16.3171687636 -33.3423397126 7
-31.4460179721 24.3146231924 6
22.5183804597 -19.5360557714 9
25.062543735 -37.897247083 7
-25.4338654615 5.17190601858 2
8.70379309621 3.3118159609 8
19.4988083528 -24.5843966742 4
28.3421375833 -11.8525667392 9
-0.10355067418 8.34112733376 8
-0.0418343706843 39.7296098492 0
23.6132733324 -35.315598337 7
-19.8768657439 -11.3687816756 1
-18.2391267697 -25.0707806241 1
-23.1908465625 6.38981633159 2
14.8505658402 15.6984500331 3
19.2073852013 -7.61081420186 3
10.7572771809 13.521845895 5
35.2583225084 -18.4956962219 4
-33.0603560585 14.7746935118 6
-1.51819652884 -14.2360285418 5
-1.10816894094 42.0109990194 0
-27.9314033682 20.1622272923 6
7.34887221657 19.2656882452 3
22.8985696205 -38.4057584707 7
16.0596720618 18.6763296815 3
-2.41608179309 7.95317478066 8
-19.6729758542 0.436445396756 2
1.75541291009 -22.7439583864 9
2.53813426105 46.3358176332 0
0.13065853081 32.3383904359 0
24.1124600407 -17.3911513992 9
-23.5159149731 -11.7920310703 1
-23.0513328664 -0.546409260624 2
-24.5710129479 5.43264718215 2
25.3736267141 -14.1317718305 9
12.4582847255 24.429878104 3
27.5385204932 -12.0548948391 9
29.1109608202 -20.9401975878 4
-32.7542381359 29.4139835816 6
11.0396839482 28.2585027194 5
-3.93688771297 -17.8513587094 2
-26.2874772025 12.8535566276 6
-29.9883313784 11.6855911603 6
11.1779784342 -34.7892302263 7
-34.7263106293 29.6917537202 6
2.24605354123 -0.537749974492 8
-17.6925784182 3.35344106643 2
10.2786757076 -24.3753291176 9
-17.4202873818 13.5954004972 2
-1.74647699583 36.8132993996 0
-34.6329924271 17.418636659 6
15.7887854496 -28.7633421048 7
-12.9521052209 -1.17000302424 2
5.10882303171 -1.78584774104 8
-32.4656356367 12.4842462702 6
19.8295336918 -19.1938004424 9
0.272029227011 27.584371269 0
16.2480653696 -19.2960174584 9
-28.4803964196 8.6556561872 6
-1.22084280358 33.8984349084 0
7.47534096835 21.2967474207 3
-17.9245565658 -15.1602250849 1
-29.6038134914 -9.57255166028 1
31.3799472522 -18.6780664279 4
35.3989142045 -10.2774469337 9
3.29791745647 21.9479582047 5
7.73320451535 6.55069801571 8
-18.9008314672 -19.8363596936 1
15.2558572115 -4.54582647087 0
-26.9466575656 13.6214544254 6
-34.138981521 29.6697009852 6
13.6927666359 -32.6476434979 7
13.8067838563 7.19923610414 2
6.31378088945 20.5661872038 3
31.5159247748 -15.5058681433 4
-12.2839462927 17.3731843995 2
24.6438930978 7.70809856958 3
21.7729711333 -14.5920228194 9
2.70959462059 41.6341477554 0
-2.0006947109 33.8762827039 0
22.1894876791 -21.7301889076 4
4.77582469473 25.4344745023 5
-4.58571641824 38.8938448794 0
-27.6137437168 11.6114938986 6
33.201884763 -14.5020348067 4
9.53468382134 -35.4898866356 7
28.1205923037 -16.0937906234 4
-1.09397214132 18.5345362527 3
-29.8119864679 -10.3380543251 1
15.0758102482 -25.6885319564 9
1.87030379079 14.13589208 3
19.1248694491 -20.1877482033 9
30.6890067545 -6.11975229945 9
7.1565879173 20.722500861 3
-32.0179998542 -5.24889263852 1
5.57131400887 3.15066682935 8
12.1349148071 -32.2489816932 7
-29.1451143335 -9.04208354391 1
27.6776138506 -33.7417988633 7
-22.1281932193 3.1586676572 2
18.1826021289 -7.29661902017 8
20.4851775367 -19.0892317256 9
30.7433322509 -9.56637017961 9
-30.6635943147 14.9617489006 6
-11.1418209088 12.2975084765 2
16.8146522521 -36.8144685643 7
-16.2833082621 3.3888678813 2
4.19017205916 24.5092516892 5
-8.72518189814 35.4112141652 0
-31.4102392555 20.361743961 6
21.0173294185 -31.2416901255 7
14.3960539726 18.1634282653 3
25.5820370094 -12.1738350661 9
16.2345526339 27.6972162621 5
27.2149009536 -9.30833669048 9
-3.5552961007 36.5085120901 0
16.2705302662 9.29534191766 8
6.51423685338 9.22961305982 5
17.0541109478 7.38716299242 8
28.7976767221 -21.6146282125 4
24.8029359405 -29.5103283299 9
-1.03775760982 33.1446914412 0
-4.04261460344 -13.4364034939 5
-1.93837738418 17.4143028983 3
-11.4079674185 7.85402188595 2
25.1866812088 -18.4368656541 4
19.5477630114 28.2674026935 8
16.3443218712 -27.394888789 7
33.2024478178 -17.4093480099 4
-25.9263239193 -13.9544899913 1
12.9613881319 13.1927694919 5
33.9402323433 -19.5012878528 4
-29.6614370331 28.8390390944 6
3.38707146052 27.4077921429 3
24.6288100263 -29.8470975481 7
17.0685105716 -38.3658454581 7
28.4149620193 -9.854562038 9
-31.7918605718 15.2080574215 6
-28.2633420707 17.5719559578 6
-23.6831773371 6.1268586522 2
-21.9787643429 -5.21637434101 2
-20.7560522751 -11.1552181688 1
-35.9239939163 22.6823135903 6
5.80120973474 9.13995356779 5
19.215880915 -24.9925841196 4
3.24466979816 25.172838899 5
20.7259573561 17.1603261633 3
-3.61975139396 39.3627468672 0
16.7393222499 12.8540917135 5
11.8788007841 28.7797494395 5
-14.8420271687 -3.49793254552 2
-3.23356138008 37.7301760016 0
-4.79478408956 6.57236248152 5
5.18441435001 2.53868551085 8
16.1983403194 1.25359049717 8
14.8184002254 -17.7641339179 4
-10.68181224 11.8468426488 2
-27.9690254604 19.4214306674 6
16.4305404734 -20.8669860909 9
17.7349656311 -37.062820624 7
-31.9108870281 -4.53698102204 1
-4.21417657792 37.2301882495 0
2.46874474771 6.83771409189 2
6.2487520715 21.0726468894 3
-34.5173563605 -6.92622615814 1
6.25540752347 3.17674105474 8
28.2917528035 -2.96406474355 7
-27.3472295595 -8.51158766137 1
15.4287887571 0.734763713337 8
-21.6230573068 4.46989309974 2
-8.316976225 -25.7553301903 7
-21.4696383785 5.52247048243 2
-35.0432177976 23.4165782548 6
11.663163219 17.3414808854 3
-12.9215477897 5.37069144017 2
-3.04442812084 25.079749781 3
20.7193512731 -32.8502875769 7
-28.8245035646 13.6642306475 6
8.31899937897 5.74041562081 8
18.5160411512 -36.6491796981 7
10.755473501 9.63858303806 5
9.4617786084 19.1701145669 3
-36.9840896272 -1.40399999532 8
31.448344525 -13.4195219086 4
39.2160966546 -10.8154589803 4
17.7035849752 -15.0832910096 9
24.3316477134 -7.01843472314 4
-33.3802300131 25.6939394751 6
37.9195005104 -11.4523917754 4
4.02798834806 24.5374615497 5
2.21229366369 24.3680958918 5
-18.5842235304 -14.013493048 1
-36.5866854836 -1.57950106919 1
19.6540293724 -18.2782011008 9
-24.1147324929 -5.79592607633 3
2.11078510414 0.681094402397 8
-22.1271892895 -8.39175833831 6
-19.6610569508 -18.3676828093 1
14.2872773522 -16.2468119427 4
-21.1873411608 -16.6464364915 1
10.6121296967 -32.6251709514 7
-3.51442812401 -11.8503546445 5
23.4067983525 -19.3027995886 4
-3.99523815273 39.6131971699 0
28.2831603519 -16.0775945522 4
-11.4271754547 16.3815189615 2
16.3934775208 -31.9387334259 7
15.8365362051 -33.2653343323 7
10.6644075262 30.292419407 5
7.62993654677 5.74873503324 8
2.61024188129 38.4563974386 0
-31.1515613576 17.5991711894 6
29.7753289743 -11.8653286946 9
-25.9049811372 12.3818362382 6
-33.8423896463 18.1725441624 6
10.6280862059 2.29091336964 8
27.2971343446 -14.6639360709 7
-11.4296935623 11.1306524036 2
-0.0400183471277 27.6390419058 0
7.62083247078 2.39945361691 8
19.0730147712 29.0937758337 8
30.6609873324 -17.4815952962 4
-17.8371627661 -13.151871424 8
10.9224104321 -12.2577271231 4
28.7701421209 -7.32833622097 4
-21.1321303802 6.60369005041 2
22.4238266789 17.2766273066 3
-20.3950359508 5.72224097186 2
-3.12787734418 19.5178898609 3
7.57354894851 -0.0842244529778 8
-18.7580926352 -3.68912709789 2
-3.07912681566 37.964261085 0
11.8865865154 20.5763591424 5
0.660176261076 34.2415448461 0
-2.90063369409 34.171097493 0
-25.5247627181 -14.4212861888 1
-0.688594727812 39.1022649472 0
-12.6299660177 10.2755127607 2
-26.0670070179 -15.3611993763 1
14.7059287472 16.0219163745 3
11.2607133997 17.5832781653 3
14.2408800747 -16.6654136791 4
21.5564572486 -34.747970185 7
11.336617218 11.8073899514 5
29.1772484077 3.37385402282 3
-32.496803013 24.2504104125 6
-30.7516069695 -5.02781114564 1
22.8624979958 -34.4345673309 7
-31.6778589047 18.7690224188 6
10.7765326415 2.81690647724 8
12.6504822044 -30.8154646831 3
17.3838043364 -20.5445632168 9
0.126679521745 40.9942024231 0
2.21263641373 33.1952530578 0
22.7005527639 -31.6819935261 7
-27.8937760332 -13.1917210335 1
-6.65089514385 7.85459170731 2
-12.1039956709 10.8707364043 2
30.5283276459 -19.5121069828 4
15.6325044069 16.7928149497 3
-15.2076031464 -16.0001443676 7
27.9069760123 -20.169273607 4
-22.2582005011 -20.1271503941 1
1.6750671731 24.2026564739 5
4.64830203244 37.1184239717 0
-30.599850775 26.9357244398 6
8.16109390578 19.6145450512 3
21.0639163068 -35.8544869739 7
13.7693998163 -20.7640379075 9
8.32805873834 4.63671213164 8
26.8416700514 -37.6623174421 7
13.8034066794 -21.1843120394 9
12.3483612994 10.261672089 5
-1.75597120217 35.54927851 0
-24.6581784211 -15.5109595211 1
-23.7049737983 -18.1857864416 1
15.5996149135 7.23650193293 8
-2.30927971751 -31.4704929646 2
-31.715251338 31.4495971944 6
23.1982945811 3.9545164252 3
20.9539046261 16.6290031183 3
9.77294401743 -11.4309650346 4
18.008524082 15.3441982897 3
8.12584277406 11.4669654989 5
-15.5416694049 -12.6590615832 3
20.902285165 -37.0060151486 7
-28.954903988 -5.15282223598 1
8.97665161699 -1.71648117115 8
-28.372852405 -10.687462881 1
17.8359244542 -14.3384671271 9
-31.7958843706 14.201125439 6
15.6323228372 1.27179817044 8
12.283554399 -24.7416188578 9
21.3195705355 -21.2065785478 9
12.0069591351 -33.5982548788 7
11.3577334775 29.3966478499 5
-1.68192474822 31.9714826441 0
21.463551434 -33.7562015539 7
17.567094338 22.514675818 3
1.90129542741 42.0183628481 0
-36.9373864256 26.2393928977 6
10.1997370621 21.3675562961 3
17.0486767865 -8.47132546 8
-26.7322814353 -12.2560246981 1
-32.4546502989 19.5384385353 6
-33.0884068491 23.4155553029 6
-28.8260155445 -9.73031854011 1
15.0057920162 2.8459042394 8
-25.9531720043 27.7219325746 6
26.6864973918 -19.936189228 4
-35.9101387518 25.7429940055 6
-24.3745071713 -13.5134234976 1
-6.10433140381 36.7873393195 0
19.1753893 -37.3160129165 7
-30.6645433447 -7.78580187938 1
-29.1259634605 20.0861639695 6
23.8863473275 -4.31622433103 4
9.47460649361 10.2163970157 5
-18.8236106844 -17.0346398972 1
-32.4732374533 24.235386337 6
13.0580021637 -28.422343584 7
6.79498956615 -16.4812182094 4
25.0504848289 14.9737023114 8
-9.09205887718 12.6651720542 2
14.254147753 22.4747571404 5
19.7556911048 -35.3119313859 7
6.60926508135 14.112203003 3
5.24017365295 1.42456343103 8
32.918042926 -13.3238639626 4
-24.1721566066 -15.9446404488 1
-33.9288561906 27.4880337802 6
14.0586034327 16.2678144088 3
4.3211837789 13.8889399398 3
31.1971052696 -18.2561987078 4
22.8974371593 10.8764942934 5
13.664155318 16.3103168207 3
-17.9682570812 -5.24143847562 2
17.6642284351 -18.2634735816 4
16.5142704467 18.3461015759 5
20.204883082 -33.4404800512 7
-32.7241254526 -9.86821478048 1
-9.41478547652 12.0208662707 2
31.3905075418 -14.8061815284 4
-1.60278081537 40.167091928 0
-0.995889444553 28.1214295494 0
10.0275097346 11.2449103903 5
17.8413430078 -7.71434597957 8
3.23630701736 42.483137883 0
-32.4390201806 25.4134835341 6
-29.0485409053 -10.1564191771 1
-29.9125269414 -11.3383363891 1
24.1392789958 -13.8009361796 9
14.604335937 24.4564990705 3
-12.0827338968 5.61314480318 2
-32.2808735186 -3.44569818556 1
9.74708562779 22.5105993181 3
36.7440578557 -12.3126962878 4
-10.8277729812 9.60864744379 2
20.5087490217 -23.5420697818 4
19.4064791761 21.8633947241 3
17.7779966811 -24.6628572058 4
-22.7716806349 29.2578194015 5
9.42945449681 6.6571072274 8
-22.7499647561 29.2259970458 5
-32.6089905778 16.9121780864 6
25.722362465 -33.8608556518 7
-29.479887107 23.4090410833 6
11.0870475571 2.87894055453 8
20.4474528589 -18.5345241388 9
15.3160763452 -17.1969551155 4
3.72077624839 31.8219783275 0
20.0451191368 -16.6660399268 9
-32.4590303129 5.60933540887 4
22.4178654061 -16.8859642759 9
24.3926686475 -20.8014708691 4
20.6957937422 -32.104675342 7
13.1506102787 -15.6329192746 4
-32.4788753653 -6.81866506363 1
-32.5370257908 14.3395906633 6
-28.7956216122 -10.6595240602 1
18.7361331996 19.2346664251 3
20.4001301217 -35.6213370572 7
16.6071414238 22.657447021 3
15.0205996072 0.437755344346 8
10.0847782278 17.5156048196 3
8.81453684744 22.9929190302 3
-23.9795671894 6.21346758653 2
27.0138926946 -18.8899395794 4
41.416814217 -10.0729312448 4
14.8399939184 1.16644130181 8
7.38043393916 -35.832335482 7
-28.6984677632 26.4177669761 6
30.9390540265 -14.3065773131 4
15.0372830625 21.5413282231 3
-30.0441102469 23.9487676216 6
14.713283157 2.15602852115 8
27.3330142324 -34.2611259803 7
0.724630940418 36.190716832 0
23.001418745 -32.1786731873 7
13.0563541189 -19.3893218083 9
13.5873670015 27.6222239284 5
-27.3402876217 14.6697520806 6
-32.5396163555 1.49755737107 5
-11.6510155657 14.2165763339 2
-0.632915396568 -18.040374841 3
2.36995705323 42.4209162415 0
24.1417005281 -22.5554332755 4
-30.7193355261 -6.61156601149 1
35.4424456015 -17.8629650315 4
3.26700390391 42.4863049755 0
9.20517864945 31.8814731244 5
-34.5308409809 28.0086057614 6
-33.945925254 -6.92785958356 1
-12.677157216 6.20011781715 2
-36.2092987673 21.416267597 6
14.0817697981 17.2879186774 3
37.484302956 -12.5997635525 4
11.7458106548 1.98017266479 8
11.5881965853 10.0996853231 5
19.636282822 -15.6899080115 9
20.9980079712 9.15963893797 5
0.691293208191 37.2779185069 0
-13.7118257207 4.82005028187 2
19.7943025531 -36.4860120483 7
3.20239260769 21.5056260756 5
-11.8207467064 9.46737136579 2
29.7671368981 -8.45431090104 9
14.3110162275 17.2576501971 3
24.0191886113 -22.5724944905 4
15.53219603 -21.6757225227 4
0.361776817451 29.4833863989 0
7.22720236842 10.7308596969 5
-12.5236280981 7.92609511783 2
22.3768322286 12.9263088253 5
8.99996411462 28.5012696411 5
-11.0736963215 8.56387712141 2
33.8246852789 -7.21166878976 9
16.9358767316 4.61207842329 8
-27.1430424979 -5.69478812984 3
12.0742348302 28.182052789 5
-16.4236932417 20.2693694526 2
27.5522439907 -19.3564388467 4
31.2788673535 -23.0986628608 4
-31.5491157345 24.8686594586 6
42.467902245 -15.4635693805 7
-34.1864647532 22.2208577255 6
20.7880083627 -22.6947233724 4
-31.2943579963 23.8612685074 6
-34.3818599884 21.0077985007 6
19.18830682 -32.5340032849 7
2.22645941747 43.164924705 0
23.8289434899 -14.5938519495 9
-33.708935374 23.1843308846 6
-25.6025427849 -14.9726859068 1
16.4983583993 9.85628767722 8
15.5814696932 7.7738848229 8
25.1322724151 12.3526285937 5
-10.8631957398 9.33831301373 2
-36.3513505956 -6.21066384419 1
-32.8053879706 -8.3052898564 1
0.262657468174 -12.0530718849 5
-11.1257716241 9.48888120663 2
5.58779950999 37.7908298979 0
-33.4931902744 24.8099794561 6
35.3204301654 -8.77954745896 9
11.0400819266 11.6857904676 5
-10.2928395613 17.2881322751 2
14.273024665 16.5258215371 3
-35.7616914469 -4.45912046362 1
29.964172785 -19.580156911 4
-32.9084437952 -6.27380910871 1
21.1179356631 -33.8034853548 7
-0.982453305459 23.9806340388 6
21.5251116217 -13.7669756992 9
-12.7484471273 4.40022812444 2
18.4615616855 -17.673478427 4
-29.1792653074 32.5798562324 6
-1.6704520195 42.2964148637 0
-30.4166904592 -5.64751159811 1
1.81815713911 35.599829342 0
13.5686200156 21.854474701 5
10.944144872 28.9887935691 5
11.9194880867 9.57844393529 5
18.6277614469 -19.6034034133 9
-15.0618958544 0.114843899729 2
-5.51531330836 37.717654051 0
22.8335779501 -22.4657909175 4
-19.0249442153 -20.3251065662 1
-32.4443021525 -8.49134229415 1
-12.8544155688 18.507181216 2
30.5464247551 -9.35749085607 4
1.33926350899 11.8721662008 3
3.4891177692 40.6463520141 0
7.5377905135 -16.1987265114 4
-10.7458986951 -1.09033533117 2
-7.24565794622 -11.7123137581 5
25.3539572587 -30.7010500173 7
-24.1000077211 21.5439723932 6
-18.7675768739 2.76822260688 2
4.50799122757 -33.3566111564 7
13.4631535006 -33.5525106549 7
-3.60070952653 -4.51377676694 8
15.2428523084 30.0834435034 3
9.38675075662 -23.3007393569 9
15.2171668824 -4.53866278118 0
-5.93677154209 40.155835932 0
-13.6932577608 9.33143896831 2
-15.6858508523 -23.4534960998 1
-28.0460123284 -15.174281679 1
-12.1840718266 18.3894004699 2
1.04291546479 -2.91298961334 8
0.340301171656 11.3891514704 3
38.7396205737 -9.95393551814 4
7.90713129107 -15.4241599443 4
-31.0211347503 -5.7101865731 1
-6.72154417599 -12.3769246328 5
27.1747122528 -9.58097743345 9
-22.2959479906 20.0646727329 6
-34.8191619226 -6.85222182108 1
4.4019784462 -34.2224728083 7
11.9856684111 20.7422480515 5
-4.76162572804 -5.13532117216 8
17.9352551404 -16.9768799568 9
4.78829789364 -24.5842227112 9
-28.1835918406 12.808431506 6
-7.04617578812 39.7549186495 0
-24.3962995078 -13.040375005 1
-15.4801252725 -24.3550011092 1
22.3256443935 -26.4025315686 7
-10.6361020229 18.4717911012 2
11.6170673075 4.23482866218 8
-9.60992474731 -18.5272665961 3
20.8775156541 -38.5949111271 7
3.1758832075 -35.9277411859 7
0.375727544186 1.79454535556 8
-3.74391351279 -3.69566840864 8
5.74303549536 -3.1378407096 8
5.05667791045 -23.1643644151 9
23.9990498309 -35.1969787976 7
-25.995072054 19.4460800881 6
-0.299377685201 3.24635494109 8
-14.892786778 12.5068694902 2
35.7783609215 -14.4474147588 4
8.72549088541 -34.4046241317 7
16.7743704615 -21.9870428796 4
-19.6124655976 -20.7938291066 1
17.0915893277 8.11963831897 8
2.57652502978 20.8000859638 5
4.95642953672 43.5639091983 0
-26.2131299275 23.0372029631 6
24.370241577 -16.667809014 9
-13.7652695231 15.167617814 2
12.0419357645 0.258511544067 8
-5.23302622898 -12.4825979683 5
-0.0108372713513 -33.5195304257 2
-8.16896550623 36.9060760885 0
-4.95825827905 43.3032222953 0
-5.77950482823 -12.5751691989 5
-20.8656948299 14.0034966218 4
7.37174352286 -18.3603187855 4
0.676828597545 19.7954503787 3
-12.5940862471 16.9764585691 2
-21.4561387441 0.108247346919 1
-6.21090665894 36.7985126422 0
15.3221782037 29.66086413 5
-0.0511042588571 -1.83182464519 8
13.7918373193 29.2051661462 5
-16.4500931603 -24.1034194877 1
29.0285050454 -20.116483172 4
4.55434043406 -34.7801511548 7
-18.0255765704 3.61246606762 2
-14.8827748324 -25.4858359506 1
37.3236074861 -13.4584275943 4
-3.7870924185 -3.92450890935 8
-27.986476205 13.9362169647 6
-5.62348192968 -4.04303507811 3
35.1448266432 -12.4554431269 4
-10.1329343263 -13.6743401689 8
4.24202233738 -28.3869480552 1
6.99166493569 -31.5969560459 7
13.2491930109 11.3531758324 5
-18.2471279833 -19.3932691019 1
16.1257756674 20.5616318002 3
8.604040925 -35.362077975 7
-36.0967069475 -3.11160740059 1
8.06751845004 -35.1780939202 7
21.0585388988 -20.7310665014 9
-6.05062064404 29.8385480609 0
1.88370413407 29.1684082827 0
-19.6646869825 -20.4069855023 1
21.8770879827 -19.4974989676 9
6.15814673789 -16.8411385615 4
-7.56453601002 33.28576582 0
6.8696289197 -17.5886949006 4
14.8244615419 5.09997066946 8
7.23966720922 -18.0157278547 4
-25.4917278665 -8.47814793436 8
-4.98710549177 -8.84761985751 5
-30.1281803697 -3.52620992966 1
6.54114590542 -31.8999593992 7
-26.3043210985 -8.78504037348 1
3.43695096535 -24.265888909 4
-23.7009493999 25.5147949731 2
7.67610527005 -17.0289483222 4
31.5940234712 -16.0844218722 4
8.66227529167 -20.2806222576 9
-7.96345501441 9.89602373199 2
5.15927925793 -34.453732657 7
5.68366587647 13.5892643937 3
-14.7825815687 17.4355907792 2
30.7516966072 -15.2102266711 4
-24.1997908597 19.3187969001 6
20.9344411857 -13.0261575909 9
-5.62046586287 -14.40594942 5
-21.7872726026 -19.0647501383 1
6.03800581074 15.9977619039 3
-13.2839253108 12.3958292841 2
5.57423975994 -24.1618493468 9
31.5127100725 -7.79274777886 4
6.85926288725 -16.8504378976 4
21.460445494 15.7279057997 3
2.00529007248 11.7148010805 3
-35.4573958837 23.1389330901 6
5.91601533035 -23.9953418904 9
-20.8375070398 -1.38705940909 2
-6.96790842862 40.0565940158 0
-26.570714405 17.7184351539 6
1.88047609988 -3.46603796025 8
16.6843455198 7.46581532753 8
4.51117094479 -33.1019198825 7
16.2948808819 28.190919721 5
-23.4756756509 18.3767359343 6
-33.4821093363 14.3181836492 6
2.65765159175 11.5056076879 3
17.5930959971 7.52241557957 8
-5.68947986007 39.4299877962 0
4.78881710382 -12.3624372599 4
7.87814450397 -17.1660051845 4
-29.2533024567 16.9249658055 6
-24.4559073085 22.6083277457 6
25.445753779 -17.1095469592 7
0.850595905517 11.0116944402 3
23.1051958193 -13.4065919201 4
5.46778889116 -32.994384924 7
22.8370026953 -29.2515504819 7
-4.15876733454 33.005187274 0
-35.6047013737 31.1084985559 6
-18.5748528056 -21.5207507072 1
-35.6738020408 30.3243703343 6
-17.9206335167 -21.1486802325 1
-32.5213992631 27.4064715799 6
-13.3866360138 17.625661803 2
